3.056857085173624311e-01
2.311241607624448802e-01
2.072246300482017689e-01
2.019276806366077648e-01
2.068791112082552230e-01
2.027263852481039630e-01
2.036152978237630029e-01
2.049373931877710719e-01
2.006419277008115176e-01
2.034060285353385955e-01
2.046585862673175604e-01
1.978021673405315484e-01
2.062172506621878509e-01
2.058747029950888652e-01
1.953520788569825528e-01
2.090348040331119206e-01
1.981145448944580945e-01
1.983670142317764118e-01
1.990393303210774845e-01
1.958150781919882899e-01
2.025430076115038447e-01
1.920913118637874173e-01
1.898475005669770788e-01
1.997822688335954555e-01
1.949601269190653074e-01
