9.070199999999999818e+01
9.297599999999999909e+01
9.385999999999999943e+01
9.391800000000000637e+01
9.387800000000000011e+01
9.392399999999999238e+01
9.385800000000000409e+01
9.390399999999999636e+01
9.399200000000000443e+01
9.382999999999999829e+01
9.386199999999999477e+01
9.410800000000000409e+01
9.379399999999999693e+01
9.396999999999999886e+01
9.418399999999999750e+01
9.385599999999999454e+01
9.408199999999999363e+01
9.412999999999999545e+01
9.403399999999999181e+01
9.425400000000000489e+01
9.389999999999999147e+01
9.425000000000000000e+01
9.430400000000000205e+01
9.393800000000000239e+01
9.405799999999999272e+01
