9.082000000000000739e+01
9.534399999999999409e+01
9.650999999999999091e+01
9.697400000000000375e+01
9.746599999999999397e+01
9.771600000000000819e+01
9.786399999999999011e+01
9.815800000000000125e+01
9.814199999999999591e+01
9.834000000000000341e+01
9.845199999999999818e+01
9.855000000000001137e+01
9.857000000000000739e+01
9.880799999999999272e+01
9.868800000000000239e+01
9.878000000000000114e+01
9.884399999999999409e+01
9.897200000000000841e+01
9.887599999999999056e+01
9.888800000000000523e+01
9.907200000000000273e+01
9.902200000000000557e+01
9.906399999999999295e+01
9.902800000000000580e+01
9.912199999999999989e+01
