2.957162150680561208e-01
1.515480179866383892e-01
1.138921563638110868e-01
9.795653438690146708e-02
8.069860905895077929e-02
7.230748718822528620e-02
6.827120843652685622e-02
5.826383486142237833e-02
5.877865303214818010e-02
5.122646806202709596e-02
4.984470883232999805e-02
4.693792228511298181e-02
4.490158563183044987e-02
3.845062463884543064e-02
4.318516890465336211e-02
4.243156444507764635e-02
3.674762711549798416e-02
3.693709993926821283e-02
3.782749121385416136e-02
3.775210695499726932e-02
3.257955498850391429e-02
3.416586948781537986e-02
3.343949063906895280e-02
3.506375180994728002e-02
3.234886711490741334e-02
