8.971399999999999864e+01
9.437399999999999523e+01
9.551200000000000045e+01
9.615999999999999659e+01
9.661199999999999477e+01
9.689400000000000546e+01
9.717799999999999727e+01
9.739199999999999591e+01
9.760600000000000875e+01
9.769200000000000728e+01
9.794400000000000261e+01
9.797200000000000841e+01
9.808799999999999386e+01
9.827799999999999159e+01
9.840000000000000568e+01
9.845199999999999818e+01
9.843800000000000239e+01
9.848199999999999932e+01
9.864600000000000080e+01
9.868800000000000239e+01
9.874599999999999511e+01
9.868400000000001171e+01
9.879599999999999227e+01
9.891599999999999682e+01
9.893399999999999750e+01
