3.421727427384522180e-01
1.828889269369844417e-01
1.442297247982680941e-01
1.204757289156575123e-01
1.088259610885507489e-01
9.599858565197605387e-02
8.803500156546928412e-02
8.083643462396895851e-02
7.200372680397233716e-02
6.956792139208095582e-02
6.336099926384686221e-02
6.038923604355472818e-02
5.812778964195393361e-02
5.219602663730171788e-02
4.757317062646093664e-02
4.596269514259148509e-02
4.652133749968354742e-02
4.484350829023536766e-02
3.978178990195652825e-02
3.720106592167094633e-02
3.799719273000097541e-02
3.747003168369371362e-02
3.610468148751397321e-02
3.126661436303362906e-02
3.154406002922292146e-02
