3.019948585682279973e-01
1.529221121562610308e-01
1.155887801779323237e-01
9.755071274750291843e-02
8.124728578542640689e-02
7.260775271271636966e-02
6.318016099503415139e-02
5.845942051148117491e-02
5.219686357155489675e-02
5.177718456488958343e-02
4.482955072952228559e-02
4.253137942733659083e-02
4.053362971678214216e-02
4.164348493770517884e-02
3.768615466819615067e-02
3.453851773022833388e-02
3.732995027604722044e-02
3.344786677822966098e-02
3.381959193078377945e-02
3.333980708650562813e-02
3.427882044592792110e-02
3.007227792097726463e-02
3.095681311537184371e-02
2.908573902801384753e-02
3.024643560947751567e-02
