9.062000000000000455e+01
9.522599999999999909e+01
9.642799999999999727e+01
9.681199999999999761e+01
9.745199999999999818e+01
9.753600000000000136e+01
9.800999999999999091e+01
9.810200000000000387e+01
9.826399999999999579e+01
9.840800000000000125e+01
9.852400000000000091e+01
9.862800000000000011e+01
9.874000000000000909e+01
9.869200000000000728e+01
9.885399999999999920e+01
9.889199999999999591e+01
9.886200000000000898e+01
9.898799999999999955e+01
9.895000000000000284e+01
9.906000000000000227e+01
9.897799999999999443e+01
9.915399999999999636e+01
9.913400000000000034e+01
9.918200000000000216e+01
9.920199999999999818e+01
