4.682613265243616985e-01
2.948524367853150863e-01
2.445301717136505737e-01
2.232661897427404285e-01
2.088999361471914618e-01
1.793981575939186945e-01
1.749880119517054633e-01
1.572894408014231804e-01
1.510606974801876889e-01
1.439419347847682440e-01
1.367039571737278247e-01
1.364304446284578809e-01
1.269405363479144122e-01
1.239198424882581445e-01
1.179186225495160029e-01
1.081446189932663421e-01
1.013856313101380024e-01
9.399807428725430458e-02
9.736243715737388782e-02
9.225341774432688213e-02
9.067350826556874743e-02
8.726106484862126977e-02
7.983096489374140459e-02
8.202648829306480316e-02
8.125939246824800954e-02
