8.596599999999999397e+01
9.114600000000000080e+01
9.258599999999999852e+01
9.316600000000001103e+01
9.356799999999999784e+01
9.453000000000000114e+01
9.465400000000001057e+01
9.510200000000000387e+01
9.535599999999999454e+01
9.552000000000001023e+01
9.579600000000000648e+01
9.570399999999999352e+01
9.597599999999999909e+01
9.615999999999999659e+01
9.639000000000000057e+01
9.654000000000000625e+01
9.677200000000000557e+01
9.699200000000000443e+01
9.687599999999999056e+01
9.714199999999999591e+01
9.705599999999999739e+01
9.715599999999999170e+01
9.737400000000000944e+01
9.732800000000000296e+01
9.739000000000000057e+01
