3.697520764669736115e-01
1.578501693842430942e-01
1.172269000835664265e-01
9.813340343129764443e-02
8.388757080397427068e-02
7.437910773551242860e-02
6.767435691731142622e-02
6.130681144012828376e-02
6.035089828383823768e-02
5.454365951882023111e-02
5.415229720164207311e-02
4.900408100148499757e-02
4.550121705419004486e-02
4.563435845873101138e-02
4.249407323845975221e-02
4.074510935424652258e-02
3.921829052960651429e-02
4.093128509857642261e-02
3.468061148791418136e-02
3.599986808716545278e-02
3.390290993262828206e-02
3.524613284916448125e-02
3.701892496496009960e-02
3.501421455454774984e-02
3.430923233689085750e-02
