8.866800000000000637e+01
9.509399999999999409e+01
9.638200000000000500e+01
9.692000000000000171e+01
9.733800000000000807e+01
9.762399999999999523e+01
9.785800000000000409e+01
9.796800000000000352e+01
9.804000000000000625e+01
9.822599999999999909e+01
9.821399999999999864e+01
9.840600000000000591e+01
9.847200000000000841e+01
9.846800000000000352e+01
9.856000000000000227e+01
9.861599999999999966e+01
9.876000000000000512e+01
9.860399999999999920e+01
9.883999999999998920e+01
9.878400000000000603e+01
9.885399999999999920e+01
9.876800000000000068e+01
9.872400000000000375e+01
9.884399999999999409e+01
9.880799999999999272e+01
