8.848199999999999932e+01
9.330400000000000205e+01
9.484999999999999432e+01
9.548799999999999955e+01
9.621399999999999864e+01
9.673399999999999466e+01
9.696200000000000330e+01
9.699399999999999977e+01
9.750400000000000489e+01
9.748199999999999932e+01
9.764399999999999125e+01
9.777200000000000557e+01
9.789999999999999147e+01
9.800999999999999091e+01
9.819400000000000261e+01
9.810600000000000875e+01
9.834399999999999409e+01
9.832200000000000273e+01
9.842000000000000171e+01
9.851800000000000068e+01
9.848599999999999000e+01
9.857599999999999341e+01
9.852199999999999136e+01
9.870400000000000773e+01
9.868400000000001171e+01
