3.779471685260210045e-01
2.252642663621170216e-01
1.703903452324623258e-01
1.461203339690210212e-01
1.261665095084764654e-01
1.108432501001535009e-01
1.026382045254292386e-01
1.005645178863808498e-01
8.379607628590009238e-02
8.613522541461963999e-02
7.982487463638406056e-02
7.787575622304311607e-02
7.368637354459353639e-02
7.022375426113948438e-02
6.322903779078506425e-02
6.382976755528441126e-02
5.837530446830500874e-02
6.021639374838528430e-02
5.810644464735335163e-02
5.150942454830775147e-02
5.830376676771782674e-02
5.372162366801930961e-02
5.487339857367468793e-02
4.877654131756939404e-02
5.196197963988864743e-02
