4.885330412844320902e-01
3.846816231311320777e-01
3.247487338465982476e-01
2.983353340227254402e-01
2.793706429124793722e-01
2.530301952840651736e-01
2.511417099101300732e-01
2.348545641183700516e-01
2.241163231904355624e-01
2.152433963689145136e-01
2.074653546987858255e-01
1.985173721536183655e-01
1.991939978317732451e-01
1.962565755327390082e-01
1.835406236422039150e-01
1.923746989130668827e-01
1.849293195888619401e-01
1.721190017906046865e-01
1.730713432539142393e-01
1.610302396275946901e-01
1.623410975759561614e-01
1.774663124388406732e-01
1.565232001821810215e-01
1.702847813309115999e-01
1.655502432977550564e-01
