8.503600000000000136e+01
8.862400000000000944e+01
9.059000000000000341e+01
9.143800000000000239e+01
9.193800000000000239e+01
9.268999999999999773e+01
9.275799999999999557e+01
9.332999999999999829e+01
9.378600000000000136e+01
9.398999999999999488e+01
9.430199999999999250e+01
9.456400000000000716e+01
9.468399999999999750e+01
9.464600000000000080e+01
9.520199999999999818e+01
9.482999999999999829e+01
9.519199999999999307e+01
9.548600000000000421e+01
9.549600000000000932e+01
9.587599999999999056e+01
9.590999999999999659e+01
9.553399999999999181e+01
9.609400000000000830e+01
9.577400000000000091e+01
9.593999999999999773e+01
