3.141821508110522743e-01
2.294887586932340962e-01
2.110625556690984284e-01
2.009130829464946810e-01
1.997684767697380792e-01
1.998124519888590522e-01
2.036823944897127037e-01
1.926414191684735211e-01
2.008257249485813356e-01
1.990351863467609561e-01
2.047043537205026631e-01
2.039798786881560355e-01
1.919341306520896406e-01
2.074273509650907676e-01
2.025498895550185974e-01
2.007998003793006747e-01
1.979563934484202259e-01
1.984249185901838242e-01
1.962856230440997163e-01
1.941201119366091910e-01
1.999080285754100128e-01
1.932070898779942592e-01
1.841100406042292525e-01
1.933726243631853359e-01
1.900519196442206349e-01
