9.045199999999999818e+01
9.307399999999999807e+01
9.355200000000000671e+01
9.384999999999999432e+01
9.391599999999999682e+01
9.392200000000001125e+01
9.383799999999999386e+01
9.414200000000001012e+01
9.398199999999999932e+01
9.406199999999999761e+01
9.388200000000000500e+01
9.388200000000000500e+01
9.413800000000000523e+01
9.369400000000000261e+01
9.387399999999999523e+01
9.382200000000000273e+01
9.408999999999998920e+01
9.401399999999999579e+01
9.396799999999998931e+01
9.411199999999999477e+01
9.396399999999999864e+01
9.404000000000000625e+01
9.448399999999999466e+01
9.420399999999999352e+01
9.417999999999999261e+01
