3.344852800170580731e-01
1.851453975281575071e-01
1.512899851558762165e-01
1.329642632119333867e-01
1.185766592650404350e-01
1.098499298143371522e-01
1.019962106855801937e-01
9.781920221072316901e-02
9.084490171358970689e-02
8.505887922879143415e-02
8.341176244915866900e-02
8.390840256416255694e-02
7.548855270854341881e-02
7.506193274957433104e-02
7.183471762992904575e-02
7.841462225808749908e-02
6.907359128359107092e-02
6.846479142486323888e-02
6.960267583605424246e-02
6.776847838116088762e-02
6.583140852908178631e-02
6.201498127010336703e-02
5.955598789361982864e-02
5.689356172658736888e-02
6.054984691409216746e-02
