8.973600000000000421e+01
9.433399999999998897e+01
9.521999999999999886e+01
9.585000000000000853e+01
9.635200000000000387e+01
9.651600000000000534e+01
9.676000000000000512e+01
9.693000000000000682e+01
9.710999999999999943e+01
9.726399999999999579e+01
9.735200000000000387e+01
9.733599999999999852e+01
9.752199999999999136e+01
9.753399999999999181e+01
9.768399999999999750e+01
9.748799999999999955e+01
9.773600000000000421e+01
9.776599999999999113e+01
9.778799999999999670e+01
9.776000000000000512e+01
9.785199999999998965e+01
9.792999999999999261e+01
9.804200000000000159e+01
9.815000000000000568e+01
9.801600000000000534e+01
