9.063400000000000034e+01
9.423199999999999932e+01
9.500600000000000023e+01
9.542399999999999238e+01
9.559199999999999875e+01
9.559799999999999898e+01
9.586400000000000432e+01
9.589199999999999591e+01
9.611800000000000921e+01
9.610200000000000387e+01
9.600999999999999091e+01
9.602400000000000091e+01
9.614600000000000080e+01
9.611599999999999966e+01
9.612399999999999523e+01
9.618200000000000216e+01
9.609600000000000364e+01
9.593800000000000239e+01
9.607599999999999341e+01
9.602599999999999625e+01
9.603600000000000136e+01
9.609400000000000830e+01
9.573799999999999955e+01
9.596399999999999864e+01
9.615399999999999636e+01
