3.088326291851484773e-01
1.834890304022466778e-01
1.626930168984185021e-01
1.492164613618274238e-01
1.420102692992734617e-01
1.403578646547772868e-01
1.330660114914503089e-01
1.305763402945401830e-01
1.274093900278677749e-01
1.256241856794744760e-01
1.294076752706513622e-01
1.306429417447561858e-01
1.243266788569308279e-01
1.283368890341168578e-01
1.270258739180696039e-01
1.232174917178434637e-01
1.276972667526832805e-01
1.291440848883191328e-01
1.290729836068013059e-01
1.285443344008670996e-01
1.301057922128905087e-01
1.293333086565909007e-01
1.403764763695646012e-01
1.324696870745944444e-01
1.265168836482121750e-01
